positions accepted:
         2988         3120         3145         3223
         2657         2741         3015         3019
         3100         3050         2858         2871
         3035         2992         3113         3109
         1828         2490         2497         2670
         3090         2987         2950         3094
         2703         2615         2971         3013
         2435         2982         2789         2815
         3206         3223         3295         3253
         2739         2638         2936         2969
         2312         2490         2682         2717
         3005         3123         2884         3003
         2694         3129         3174         3184
         2669         2566         2705         2585
         3104         3111         2867         2830
         3070         3132         3160         3223
         3386         3270         3274         3435
         3094         3065         3163         2959
         3043         2885         3087         3180
         3323         3414         3290         3184
         2687         3171         2942         3034
         2524         2955         2938         3038
         2757         2747         2475         2564
         2589         3045         2830         2956
         3162         3002         2991         3143
         1857         2458         2549         2612
         3096         3192         3309         3216
         2910         2889         2899         3056
         3542         3410         3338         3472
         3100         3186         3029         2978
         2982         3087         3201         3311
         2267         2502         2602         2866
         3250         3207         3394         3465
         2954         2929         2948         3053
         1836         2554         2564         2802
         3074         3071         2861         3034
         3328         3385         3229         3309
         2395         2698         2841         3042
         2682         3044         3020         3006
         2928         2988         2961         3064
         1831         2568         2597         2871
         3417         3465         3432         3358
         3435         3415         3512         3511
         2969         3123         3010         2785
         3225         3110         3261         3217
         3023         2915         2946         2977
         2671         2675         2496         2662
         3017         2961         2784         2827
         3019         3209         3256         3241
         2752         2661         2522         2642
         3177         3034         2999         3116
         2801         3135         3157         3145
         2268         2994         3101         3024
         2863         3037         2896         2893
         2833         3088         3052         3060
         2162         3094         2824         3030
         3209         3519         3081         3321
         2934         3074         2974         3083
         2007         2524         2580         2511
         2800         3061         2943         2953
         3318         3082         3199         3348
         3082         3195         3236         3242
         3300         3248         3298         3421
         3259         3190         3253         3301
         2907         3367         3326         3294
         3114         3270         3131         3145
         3248         3192         3331         3391
         2819         3121         3214         3043
         2977         3313         3111         3116
         2843         3099         3279         3352
         2649         3214         3187         3011
         3097         3227         3232         3279
         2896         3091         3339         3320
         2667         3176         3391         3408
         3266         3271         3113         3143
         3198         3152         3304         3309
         3068         3292         3171         3129
         3128         3210         3181         3181
         3273         3213         3273         3318
         2615         3141         3099         3012
         3063         3220         3306         3278
         3282         3253         3270         3356
         3254         3366         3343         3376
         3298         3240         3253         3260
         3108         3336         3318         3343
         2579         3134         3257         3281
         3297         3262         3158         3185
         2998         3147         3248         3356
         3272         3050         3085         3143
         3245         3354         3145         3270
         2939         3377         3281         3382
         2576         3132         3130         2985
         3320         3252         3038         3141
         3221         3241         3212         3345
         3307         3066         3167         2993
         3209         3282         3101         3350
         3276         3224         3335         3284
         2555         3139         3149         3304
         3064         3223         3239         3196
         2923         3225         3252         3245
         2620         3086         3103         3027
         2892         3255         3090         3293
         2863         3262         3295         3405
         2668         3084         3261         3264
         3261         3402         3374         3285
         2915         3291         3320         3354
         2602         3129         3200         3011
         2988         3217         3108         3115
         3257         3092         3286         3271
         2495         3151         3163         2982
         3385         3350         3201         3219
         2868         3268         3245         3263
         2761         3128         3194         3052
         3290         3235         3224         3240
         2924         3289         3311         3362
         3025         3361         3348         3280
         3025         3257         3136         3207
         2919         3218         3266         3317
         3249         3108         3245         3011
         3222         3300         3202         3355
         2900         3164         3301         3331
         2570         3034         3173         2985
         2984         3234         3132         3159
         3296         3148         3414         3415
         2588         3080         3220         3259
         3392         3412         3244         3173
         3217         3202         3333         3293
         2545         2992         3208         3116
         2993         3302         3108         3204
         2959         3038         3240         3327
         3111         3150         3288         3127
         2989         3219         3075         3233
         3330         3200         3329         3297
         2781         3132         3116         3285
         3232         3244         3062         3325
         2983         3155         3297         3478
         2643         3216         3255         3219
         3400         3441         3220         3258
         3075         3044         3302         3302
         2562         3140         3360         3376
         3249         3221         3023         3180
         2845         3208         3274         3250
         2940         3100         3240         3267
         3062         3239         3128         3091
         3248         3263         3316         3290
         3339         3142         3193         3224
         3264         3265         3148         3270
         2996         3302         3311         3344
         2728         3085         3226         3282
         3103         3257         3204         3269
beta accepted:
         1517         1167
         1263         1279
radius accepted: 1805
